MEME version 5.1.1

Alphabet= ACDEFGHIKLMNPQRSTVWY

Background letter frequencies
A 0.041645 C 0.003577 D 0.108329 E 0.089934 F 0.020439 G 0.059530 H 0.015841 I 0.023505 K 0.041901 L 0.048288 M 0.012264 N 0.036280 P 0.080736 Q 0.029893 R 0.062596 S 0.223812 T 0.041134 V 0.041390 W 0.003066 Y 0.015841 

MOTIF xxxxSx_S_Pxxxxx    ....S.SP.....
letter-probability matrix: alength= 20 w= 13 nsites= 18 E= 7.6e-002
0.000000	0.000000	0.111111	0.111111	0.000000	0.111111	0.000000	0.000000	0.055556	0.000000	0.000000	0.055556	0.000000	0.111111	0.166667	0.277778	0.000000	0.000000	0.000000	0.000000	
0.055556	0.000000	0.000000	0.000000	0.000000	0.222222	0.000000	0.055556	0.000000	0.055556	0.000000	0.111111	0.000000	0.000000	0.166667	0.111111	0.111111	0.000000	0.000000	0.111111	
0.055556	0.000000	0.111111	0.055556	0.111111	0.055556	0.000000	0.000000	0.000000	0.111111	0.000000	0.000000	0.000000	0.000000	0.055556	0.388889	0.000000	0.055556	0.000000	0.000000	
0.000000	0.000000	0.055556	0.000000	0.055556	0.111111	0.000000	0.111111	0.000000	0.111111	0.000000	0.111111	0.055556	0.055556	0.166667	0.111111	0.000000	0.055556	0.000000	0.000000	
0.000000	0.000000	0.000000	0.000000	0.000000	0.000000	0.000000	0.000000	0.000000	0.000000	0.000000	0.000000	0.000000	0.000000	0.000000	1.000000	0.000000	0.000000	0.000000	0.000000	
0.166667	0.000000	0.055556	0.000000	0.000000	0.000000	0.055556	0.000000	0.000000	0.111111	0.000000	0.000000	0.166667	0.111111	0.166667	0.111111	0.055556	0.000000	0.000000	0.000000	
0.000000	0.000000	0.000000	0.000000	0.000000	0.000000	0.000000	0.000000	0.000000	0.000000	0.000000	0.000000	0.000000	0.000000	0.000000	1.000000	0.000000	0.000000	0.000000	0.000000	
0.000000	0.000000	0.000000	0.000000	0.000000	0.000000	0.000000	0.000000	0.000000	0.000000	0.000000	0.000000	1.000000	0.000000	0.000000	0.000000	0.000000	0.000000	0.000000	0.000000	
0.000000	0.000000	0.055556	0.111111	0.000000	0.055556	0.000000	0.055556	0.111111	0.000000	0.000000	0.055556	0.111111	0.000000	0.000000	0.166667	0.000000	0.277778	0.000000	0.000000	
0.000000	0.000000	0.111111	0.111111	0.055556	0.055556	0.000000	0.000000	0.111111	0.000000	0.000000	0.000000	0.055556	0.166667	0.111111	0.166667	0.000000	0.000000	0.000000	0.055556	
0.000000	0.000000	0.000000	0.111111	0.000000	0.055556	0.000000	0.055556	0.166667	0.111111	0.000000	0.000000	0.166667	0.000000	0.000000	0.277778	0.000000	0.000000	0.000000	0.055556	
0.111111	0.000000	0.000000	0.055556	0.000000	0.055556	0.000000	0.055556	0.111111	0.166667	0.000000	0.055556	0.055556	0.055556	0.111111	0.111111	0.000000	0.055556	0.000000	0.000000	
0.000000	0.000000	0.055556	0.000000	0.000000	0.111111	0.055556	0.055556	0.055556	0.111111	0.000000	0.055556	0.166667	0.000000	0.166667	0.166667	0.000000	0.000000	0.000000	0.000000	

MOTIF xxSxxR_S_xxxxxx    ..S..RS......
letter-probability matrix: alength= 20 w= 13 nsites= 10 E= 3.3e-001
0.100000	0.000000	0.100000	0.100000	0.000000	0.000000	0.000000	0.000000	0.000000	0.000000	0.000000	0.000000	0.200000	0.000000	0.200000	0.200000	0.000000	0.100000	0.000000	0.000000	
0.100000	0.000000	0.000000	0.100000	0.100000	0.000000	0.000000	0.000000	0.100000	0.000000	0.100000	0.000000	0.000000	0.000000	0.400000	0.100000	0.000000	0.000000	0.000000	0.000000	
0.000000	0.000000	0.000000	0.000000	0.000000	0.000000	0.000000	0.000000	0.000000	0.000000	0.000000	0.000000	0.000000	0.000000	0.000000	1.000000	0.000000	0.000000	0.000000	0.000000	
0.000000	0.000000	0.000000	0.100000	0.000000	0.000000	0.000000	0.000000	0.000000	0.000000	0.000000	0.100000	0.200000	0.000000	0.300000	0.200000	0.100000	0.000000	0.000000	0.000000	
0.200000	0.000000	0.000000	0.100000	0.000000	0.000000	0.000000	0.000000	0.000000	0.200000	0.000000	0.000000	0.000000	0.000000	0.200000	0.200000	0.100000	0.000000	0.000000	0.000000	
0.000000	0.000000	0.000000	0.000000	0.000000	0.000000	0.000000	0.000000	0.000000	0.000000	0.000000	0.000000	0.000000	0.000000	1.000000	0.000000	0.000000	0.000000	0.000000	0.000000	
0.000000	0.000000	0.000000	0.000000	0.000000	0.000000	0.000000	0.000000	0.000000	0.000000	0.000000	0.000000	0.000000	0.000000	0.000000	1.000000	0.000000	0.000000	0.000000	0.000000	
0.000000	0.000000	0.000000	0.000000	0.000000	0.000000	0.000000	0.000000	0.100000	0.100000	0.000000	0.100000	0.300000	0.000000	0.000000	0.000000	0.000000	0.200000	0.000000	0.200000	
0.000000	0.000000	0.000000	0.000000	0.000000	0.111111	0.000000	0.000000	0.000000	0.000000	0.000000	0.000000	0.000000	0.000000	0.111111	0.777778	0.000000	0.000000	0.000000	0.000000	
0.000000	0.000000	0.000000	0.000000	0.000000	0.000000	0.000000	0.000000	0.000000	0.000000	0.000000	0.000000	0.222222	0.000000	0.222222	0.555556	0.000000	0.000000	0.000000	0.000000	
0.000000	0.000000	0.000000	0.000000	0.000000	0.222222	0.000000	0.000000	0.000000	0.000000	0.111111	0.000000	0.222222	0.111111	0.000000	0.111111	0.000000	0.111111	0.000000	0.111111	
0.000000	0.000000	0.222222	0.222222	0.000000	0.000000	0.000000	0.000000	0.000000	0.000000	0.000000	0.000000	0.222222	0.000000	0.000000	0.222222	0.000000	0.111111	0.000000	0.000000	
0.000000	0.000000	0.111111	0.000000	0.000000	0.000000	0.000000	0.111111	0.111111	0.000000	0.000000	0.111111	0.222222	0.000000	0.000000	0.222222	0.000000	0.000000	0.000000	0.111111	

