MEME version 5.1.1

Alphabet= ACDEFGHIKLMNPQRSTVWY

Background letter frequencies
A 0.044247 C 0.003301 D 0.102562 E 0.100676 F 0.020512 G 0.065781 H 0.018705 I 0.024442 K 0.037174 L 0.045426 M 0.011081 N 0.036859 P 0.076941 Q 0.025149 R 0.062480 S 0.221550 T 0.043540 V 0.040239 W 0.002436 Y 0.016897 

MOTIF xxSxxx_S_Pxxxxx    ..S...SP.....
letter-probability matrix: alength= 20 w= 13 nsites= 58 E= 7.9e-009
0.034483	0.000000	0.086207	0.068966	0.017241	0.017241	0.017241	0.034483	0.017241	0.034483	0.000000	0.034483	0.051724	0.051724	0.137931	0.293103	0.034483	0.034483	0.000000	0.034483	
0.034483	0.000000	0.086207	0.017241	0.000000	0.086207	0.051724	0.034483	0.051724	0.068966	0.017241	0.051724	0.103448	0.068966	0.172414	0.068966	0.017241	0.034483	0.000000	0.034483	
0.000000	0.000000	0.000000	0.000000	0.000000	0.000000	0.000000	0.000000	0.000000	0.000000	0.000000	0.000000	0.000000	0.000000	0.000000	1.000000	0.000000	0.000000	0.000000	0.000000	
0.051724	0.034483	0.068966	0.086207	0.017241	0.051724	0.000000	0.000000	0.000000	0.068966	0.034483	0.017241	0.310345	0.034483	0.086207	0.051724	0.017241	0.017241	0.017241	0.034483	
0.086207	0.000000	0.068966	0.103448	0.017241	0.034483	0.000000	0.051724	0.017241	0.000000	0.034483	0.034483	0.224138	0.000000	0.034483	0.241379	0.017241	0.017241	0.000000	0.017241	
0.017241	0.000000	0.034483	0.086207	0.051724	0.068966	0.034483	0.000000	0.017241	0.034483	0.034483	0.034483	0.086207	0.034483	0.224138	0.120690	0.034483	0.068966	0.000000	0.017241	
0.000000	0.000000	0.000000	0.000000	0.000000	0.000000	0.000000	0.000000	0.000000	0.000000	0.000000	0.000000	0.000000	0.000000	0.000000	1.000000	0.000000	0.000000	0.000000	0.000000	
0.000000	0.000000	0.000000	0.000000	0.000000	0.000000	0.000000	0.000000	0.000000	0.000000	0.000000	0.000000	1.000000	0.000000	0.000000	0.000000	0.000000	0.000000	0.000000	0.000000	
0.017241	0.000000	0.017241	0.120690	0.034483	0.034483	0.000000	0.103448	0.051724	0.000000	0.000000	0.017241	0.155172	0.017241	0.137931	0.206897	0.017241	0.068966	0.000000	0.000000	
0.034483	0.000000	0.086207	0.051724	0.017241	0.034483	0.034483	0.051724	0.103448	0.051724	0.000000	0.034483	0.086207	0.051724	0.120690	0.155172	0.017241	0.034483	0.000000	0.034483	
0.068966	0.000000	0.017241	0.034483	0.017241	0.068966	0.000000	0.034483	0.086207	0.034483	0.017241	0.034483	0.086207	0.051724	0.086207	0.258621	0.051724	0.034483	0.000000	0.017241	
0.051724	0.000000	0.034483	0.051724	0.017241	0.068966	0.034483	0.000000	0.051724	0.120690	0.000000	0.068966	0.137931	0.017241	0.103448	0.120690	0.017241	0.068966	0.000000	0.034483	
0.034483	0.000000	0.034483	0.086207	0.017241	0.068966	0.000000	0.017241	0.051724	0.068966	0.000000	0.034483	0.086207	0.017241	0.137931	0.172414	0.034483	0.120690	0.000000	0.017241	

MOTIF xxxxxx_S_Pxxxxx    ......SP.....
letter-probability matrix: alength= 20 w= 13 nsites= 133 E= 9.2e-015
0.053435	0.000000	0.053435	0.053435	0.038168	0.099237	0.015267	0.022901	0.076336	0.053435	0.007634	0.038168	0.114504	0.015267	0.129771	0.145038	0.015267	0.061069	0.000000	0.007634	
0.053030	0.000000	0.022727	0.030303	0.015152	0.060606	0.037879	0.015152	0.068182	0.075758	0.022727	0.022727	0.121212	0.015152	0.098485	0.242424	0.045455	0.022727	0.007576	0.022727	
0.090909	0.007576	0.090909	0.068182	0.053030	0.075758	0.037879	0.045455	0.022727	0.098485	0.007576	0.045455	0.075758	0.030303	0.121212	0.000000	0.045455	0.060606	0.000000	0.022727	
0.030303	0.000000	0.053030	0.037879	0.022727	0.068182	0.030303	0.053030	0.037879	0.053030	0.015152	0.060606	0.060606	0.053030	0.159091	0.159091	0.037879	0.037879	0.000000	0.030303	
0.045113	0.000000	0.045113	0.030075	0.022556	0.045113	0.030075	0.037594	0.067669	0.045113	0.022556	0.022556	0.120301	0.022556	0.060150	0.233083	0.075188	0.052632	0.007519	0.015038	
0.120301	0.000000	0.052632	0.060150	0.022556	0.105263	0.037594	0.022556	0.015038	0.097744	0.007519	0.037594	0.090226	0.067669	0.105263	0.112782	0.022556	0.022556	0.000000	0.000000	
0.000000	0.000000	0.000000	0.000000	0.000000	0.000000	0.000000	0.000000	0.000000	0.000000	0.000000	0.000000	0.000000	0.000000	0.000000	1.000000	0.000000	0.000000	0.000000	0.000000	
0.000000	0.000000	0.000000	0.000000	0.000000	0.000000	0.000000	0.000000	0.000000	0.000000	0.000000	0.000000	1.000000	0.000000	0.000000	0.000000	0.000000	0.000000	0.000000	0.000000	
0.076336	0.000000	0.061069	0.045802	0.053435	0.053435	0.000000	0.038168	0.099237	0.022901	0.015267	0.030534	0.122137	0.030534	0.076336	0.145038	0.053435	0.076336	0.000000	0.000000	
0.053435	0.007634	0.030534	0.045802	0.038168	0.045802	0.038168	0.022901	0.061069	0.053435	0.015267	0.030534	0.152672	0.045802	0.091603	0.183206	0.045802	0.030534	0.000000	0.007634	
0.053846	0.000000	0.069231	0.076923	0.000000	0.076923	0.023077	0.030769	0.038462	0.069231	0.015385	0.069231	0.107692	0.015385	0.092308	0.207692	0.007692	0.023077	0.000000	0.023077	
0.092308	0.000000	0.076923	0.084615	0.030769	0.076923	0.000000	0.023077	0.046154	0.053846	0.023077	0.030769	0.123077	0.030769	0.092308	0.092308	0.038462	0.069231	0.007692	0.007692	
0.062016	0.000000	0.085271	0.038760	0.015504	0.116279	0.023256	0.023256	0.054264	0.038760	0.015504	0.054264	0.124031	0.015504	0.069767	0.155039	0.023256	0.046512	0.000000	0.038760	

MOTIF xxxxxx_S_xDExxx    ......S.DE...
letter-probability matrix: alength= 20 w= 13 nsites= 37 E= 9.1e-003
0.027027	0.000000	0.162162	0.054054	0.000000	0.108108	0.000000	0.027027	0.108108	0.027027	0.000000	0.054054	0.000000	0.054054	0.081081	0.162162	0.054054	0.027027	0.027027	0.027027	
0.027027	0.000000	0.162162	0.108108	0.027027	0.054054	0.000000	0.081081	0.054054	0.054054	0.000000	0.054054	0.000000	0.054054	0.054054	0.081081	0.054054	0.027027	0.000000	0.108108	
0.027027	0.000000	0.135135	0.162162	0.054054	0.135135	0.054054	0.000000	0.081081	0.027027	0.000000	0.000000	0.027027	0.000000	0.027027	0.108108	0.000000	0.081081	0.000000	0.081081	
0.081081	0.000000	0.324324	0.135135	0.081081	0.054054	0.027027	0.027027	0.000000	0.000000	0.000000	0.000000	0.000000	0.054054	0.054054	0.108108	0.027027	0.027027	0.000000	0.000000	
0.000000	0.000000	0.189189	0.054054	0.027027	0.108108	0.000000	0.108108	0.054054	0.135135	0.027027	0.000000	0.027027	0.027027	0.027027	0.081081	0.054054	0.027027	0.000000	0.054054	
0.000000	0.000000	0.189189	0.189189	0.000000	0.027027	0.000000	0.027027	0.000000	0.081081	0.000000	0.027027	0.000000	0.000000	0.054054	0.216216	0.135135	0.054054	0.000000	0.000000	
0.000000	0.000000	0.000000	0.000000	0.000000	0.000000	0.000000	0.000000	0.000000	0.000000	0.000000	0.000000	0.000000	0.000000	0.000000	1.000000	0.000000	0.000000	0.000000	0.000000	
0.000000	0.000000	0.270270	0.297297	0.027027	0.108108	0.027027	0.000000	0.000000	0.054054	0.000000	0.027027	0.000000	0.027027	0.000000	0.162162	0.000000	0.000000	0.000000	0.000000	
0.000000	0.000000	1.000000	0.000000	0.000000	0.000000	0.000000	0.000000	0.000000	0.000000	0.000000	0.000000	0.000000	0.000000	0.000000	0.000000	0.000000	0.000000	0.000000	0.000000	
0.000000	0.000000	0.000000	1.000000	0.000000	0.000000	0.000000	0.000000	0.000000	0.000000	0.000000	0.000000	0.000000	0.000000	0.000000	0.000000	0.000000	0.000000	0.000000	0.000000	
0.000000	0.000000	0.189189	0.270270	0.027027	0.027027	0.000000	0.000000	0.000000	0.054054	0.027027	0.081081	0.000000	0.000000	0.081081	0.108108	0.054054	0.081081	0.000000	0.000000	
0.000000	0.027027	0.108108	0.243243	0.000000	0.054054	0.000000	0.000000	0.000000	0.081081	0.081081	0.000000	0.000000	0.000000	0.027027	0.162162	0.054054	0.108108	0.000000	0.054054	
0.027027	0.027027	0.243243	0.162162	0.054054	0.027027	0.000000	0.000000	0.027027	0.081081	0.027027	0.027027	0.027027	0.000000	0.000000	0.054054	0.081081	0.081081	0.000000	0.054054	

MOTIF Rxxxxx_S_xSxxxx    R.....S.S....
letter-probability matrix: alength= 20 w= 13 nsites= 29 E= 5.3e-004
0.000000	0.000000	0.000000	0.000000	0.000000	0.000000	0.000000	0.000000	0.000000	0.000000	0.000000	0.000000	0.000000	0.000000	1.000000	0.000000	0.000000	0.000000	0.000000	0.000000	
0.034483	0.000000	0.034483	0.000000	0.034483	0.034483	0.000000	0.034483	0.034483	0.137931	0.000000	0.034483	0.137931	0.034483	0.172414	0.137931	0.103448	0.034483	0.000000	0.000000	
0.068966	0.000000	0.000000	0.103448	0.034483	0.103448	0.000000	0.137931	0.103448	0.034483	0.000000	0.103448	0.068966	0.000000	0.068966	0.137931	0.000000	0.034483	0.000000	0.000000	
0.068966	0.000000	0.103448	0.068966	0.068966	0.137931	0.068966	0.000000	0.068966	0.000000	0.000000	0.034483	0.034483	0.000000	0.137931	0.137931	0.034483	0.034483	0.000000	0.000000	
0.103448	0.034483	0.034483	0.103448	0.000000	0.000000	0.034483	0.103448	0.034483	0.034483	0.000000	0.034483	0.034483	0.034483	0.103448	0.172414	0.000000	0.103448	0.000000	0.034483	
0.000000	0.000000	0.137931	0.172414	0.034483	0.034483	0.068966	0.034483	0.034483	0.068966	0.000000	0.068966	0.000000	0.000000	0.103448	0.034483	0.068966	0.103448	0.000000	0.034483	
0.000000	0.000000	0.000000	0.000000	0.000000	0.000000	0.000000	0.000000	0.000000	0.000000	0.000000	0.000000	0.000000	0.000000	0.000000	1.000000	0.000000	0.000000	0.000000	0.000000	
0.103448	0.000000	0.241379	0.068966	0.000000	0.137931	0.000000	0.000000	0.000000	0.137931	0.034483	0.034483	0.000000	0.000000	0.103448	0.000000	0.000000	0.068966	0.034483	0.034483	
0.000000	0.000000	0.000000	0.000000	0.000000	0.000000	0.000000	0.000000	0.000000	0.000000	0.000000	0.000000	0.000000	0.000000	0.000000	1.000000	0.000000	0.000000	0.000000	0.000000	
0.034483	0.000000	0.172414	0.172414	0.034483	0.034483	0.000000	0.034483	0.034483	0.034483	0.000000	0.000000	0.206897	0.068966	0.034483	0.103448	0.034483	0.000000	0.000000	0.000000	
0.034483	0.000000	0.034483	0.137931	0.068966	0.068966	0.000000	0.000000	0.034483	0.034483	0.000000	0.000000	0.103448	0.034483	0.034483	0.379310	0.000000	0.000000	0.000000	0.034483	
0.000000	0.000000	0.137931	0.068966	0.034483	0.034483	0.034483	0.034483	0.034483	0.034483	0.000000	0.034483	0.172414	0.034483	0.000000	0.275862	0.000000	0.034483	0.000000	0.034483	
0.034483	0.000000	0.068966	0.068966	0.068966	0.103448	0.000000	0.068966	0.000000	0.068966	0.000000	0.000000	0.034483	0.000000	0.103448	0.172414	0.137931	0.034483	0.000000	0.034483	

MOTIF xxxxxD_S_Dxxxxx    .....DSD.....
letter-probability matrix: alength= 20 w= 13 nsites= 36 E= 9.8e-005
0.000000	0.000000	0.138889	0.166667	0.027778	0.055556	0.000000	0.083333	0.083333	0.027778	0.000000	0.027778	0.055556	0.055556	0.055556	0.138889	0.000000	0.055556	0.000000	0.027778	
0.083333	0.000000	0.083333	0.138889	0.027778	0.111111	0.000000	0.027778	0.055556	0.055556	0.055556	0.055556	0.055556	0.027778	0.000000	0.111111	0.027778	0.055556	0.000000	0.027778	
0.055556	0.000000	0.138889	0.166667	0.027778	0.055556	0.000000	0.055556	0.083333	0.000000	0.027778	0.000000	0.027778	0.055556	0.027778	0.222222	0.027778	0.027778	0.000000	0.000000	
0.055556	0.000000	0.250000	0.166667	0.000000	0.083333	0.027778	0.000000	0.000000	0.111111	0.027778	0.083333	0.000000	0.000000	0.000000	0.111111	0.027778	0.055556	0.000000	0.000000	
0.055556	0.000000	0.111111	0.138889	0.055556	0.027778	0.000000	0.027778	0.000000	0.000000	0.027778	0.083333	0.027778	0.000000	0.000000	0.388889	0.027778	0.000000	0.027778	0.000000	
0.000000	0.000000	1.000000	0.000000	0.000000	0.000000	0.000000	0.000000	0.000000	0.000000	0.000000	0.000000	0.000000	0.000000	0.000000	0.000000	0.000000	0.000000	0.000000	0.000000	
0.000000	0.000000	0.000000	0.000000	0.000000	0.000000	0.000000	0.000000	0.000000	0.000000	0.000000	0.000000	0.000000	0.000000	0.000000	1.000000	0.000000	0.000000	0.000000	0.000000	
0.000000	0.000000	1.000000	0.000000	0.000000	0.000000	0.000000	0.000000	0.000000	0.000000	0.000000	0.000000	0.000000	0.000000	0.000000	0.000000	0.000000	0.000000	0.000000	0.000000	
0.027778	0.000000	0.166667	0.277778	0.027778	0.111111	0.055556	0.000000	0.000000	0.000000	0.000000	0.000000	0.000000	0.027778	0.000000	0.222222	0.027778	0.027778	0.000000	0.027778	
0.027778	0.000000	0.333333	0.250000	0.000000	0.055556	0.027778	0.000000	0.000000	0.000000	0.000000	0.055556	0.083333	0.000000	0.000000	0.111111	0.027778	0.000000	0.000000	0.027778	
0.027778	0.000000	0.166667	0.138889	0.055556	0.083333	0.027778	0.027778	0.055556	0.027778	0.000000	0.055556	0.000000	0.083333	0.000000	0.138889	0.055556	0.027778	0.000000	0.027778	
0.027778	0.000000	0.111111	0.194444	0.027778	0.055556	0.000000	0.000000	0.055556	0.138889	0.027778	0.000000	0.138889	0.000000	0.000000	0.166667	0.000000	0.055556	0.000000	0.000000	
0.055556	0.000000	0.083333	0.305556	0.000000	0.000000	0.027778	0.000000	0.083333	0.083333	0.000000	0.027778	0.000000	0.027778	0.027778	0.083333	0.083333	0.027778	0.000000	0.083333	

MOTIF xxxxxx_S_Exxxxx    ......SE.....
letter-probability matrix: alength= 20 w= 13 nsites= 90 E= 1.3e+000
0.077778	0.011111	0.133333	0.111111	0.011111	0.066667	0.022222	0.044444	0.055556	0.055556	0.011111	0.033333	0.100000	0.022222	0.033333	0.100000	0.022222	0.077778	0.000000	0.011111	
0.066667	0.000000	0.100000	0.200000	0.033333	0.011111	0.033333	0.044444	0.044444	0.100000	0.022222	0.022222	0.022222	0.011111	0.055556	0.100000	0.011111	0.088889	0.011111	0.022222	
0.055556	0.022222	0.033333	0.177778	0.011111	0.077778	0.022222	0.055556	0.077778	0.033333	0.000000	0.044444	0.055556	0.022222	0.033333	0.122222	0.066667	0.077778	0.000000	0.011111	
0.055556	0.000000	0.133333	0.177778	0.022222	0.066667	0.033333	0.000000	0.044444	0.044444	0.000000	0.022222	0.033333	0.055556	0.066667	0.188889	0.044444	0.000000	0.000000	0.011111	
0.066667	0.000000	0.155556	0.155556	0.011111	0.055556	0.000000	0.044444	0.011111	0.044444	0.000000	0.044444	0.022222	0.022222	0.022222	0.244444	0.022222	0.066667	0.000000	0.011111	
0.055556	0.000000	0.188889	0.155556	0.055556	0.100000	0.011111	0.011111	0.055556	0.066667	0.011111	0.022222	0.000000	0.000000	0.022222	0.144444	0.033333	0.044444	0.000000	0.022222	
0.000000	0.000000	0.000000	0.000000	0.000000	0.000000	0.000000	0.000000	0.000000	0.000000	0.000000	0.000000	0.000000	0.000000	0.000000	1.000000	0.000000	0.000000	0.000000	0.000000	
0.000000	0.000000	0.000000	1.000000	0.000000	0.000000	0.000000	0.000000	0.000000	0.000000	0.000000	0.000000	0.000000	0.000000	0.000000	0.000000	0.000000	0.000000	0.000000	0.000000	
0.033708	0.000000	0.168539	0.191011	0.011236	0.089888	0.022472	0.011236	0.033708	0.033708	0.000000	0.033708	0.056180	0.033708	0.033708	0.179775	0.067416	0.000000	0.000000	0.000000	
0.044944	0.000000	0.213483	0.280899	0.011236	0.089888	0.000000	0.000000	0.044944	0.011236	0.022472	0.044944	0.000000	0.000000	0.022472	0.123596	0.044944	0.033708	0.011236	0.000000	
0.022472	0.000000	0.123596	0.123596	0.022472	0.067416	0.011236	0.067416	0.044944	0.078652	0.000000	0.078652	0.011236	0.000000	0.022472	0.179775	0.044944	0.056180	0.011236	0.033708	
0.056180	0.011236	0.179775	0.202247	0.011236	0.022472	0.011236	0.022472	0.056180	0.033708	0.000000	0.044944	0.033708	0.033708	0.011236	0.157303	0.044944	0.067416	0.000000	0.000000	
0.067416	0.000000	0.112360	0.202247	0.011236	0.101124	0.011236	0.033708	0.067416	0.044944	0.022472	0.000000	0.089888	0.022472	0.022472	0.089888	0.044944	0.033708	0.000000	0.022472	

