MEME version 5.1.1

Alphabet= ACDEFGHIKLMNPQRSTVWY

Background letter frequencies
A 0.044103 C 0.003440 D 0.103875 E 0.102576 F 0.019950 G 0.065352 H 0.019109 I 0.024841 K 0.036842 L 0.045479 M 0.011083 N 0.037224 P 0.075747 Q 0.025376 R 0.060995 S 0.221432 T 0.043415 V 0.040358 W 0.002522 Y 0.016281 

MOTIF xxxxSx_S_Pxxxxx    ....S.SP.....
letter-probability matrix: alength= 20 w= 13 nsites= 45 E= 2.3e-005
0.044444	0.000000	0.066667	0.044444	0.022222	0.088889	0.000000	0.022222	0.044444	0.044444	0.022222	0.044444	0.066667	0.044444	0.111111	0.244444	0.022222	0.044444	0.000000	0.022222	
0.022222	0.000000	0.000000	0.022222	0.044444	0.088889	0.044444	0.022222	0.044444	0.111111	0.000000	0.044444	0.133333	0.000000	0.177778	0.111111	0.088889	0.000000	0.000000	0.044444	
0.088889	0.000000	0.066667	0.044444	0.044444	0.044444	0.066667	0.022222	0.022222	0.066667	0.000000	0.000000	0.044444	0.000000	0.066667	0.311111	0.044444	0.044444	0.000000	0.022222	
0.000000	0.000000	0.022222	0.022222	0.022222	0.066667	0.044444	0.066667	0.022222	0.066667	0.022222	0.044444	0.044444	0.022222	0.266667	0.133333	0.044444	0.044444	0.000000	0.044444	
0.000000	0.000000	0.000000	0.000000	0.000000	0.000000	0.000000	0.000000	0.000000	0.000000	0.000000	0.000000	0.000000	0.000000	0.000000	1.000000	0.000000	0.000000	0.000000	0.000000	
0.088889	0.000000	0.022222	0.000000	0.044444	0.066667	0.022222	0.022222	0.000000	0.088889	0.000000	0.000000	0.177778	0.111111	0.200000	0.133333	0.022222	0.000000	0.000000	0.000000	
0.000000	0.000000	0.000000	0.000000	0.000000	0.000000	0.000000	0.000000	0.000000	0.000000	0.000000	0.000000	0.000000	0.000000	0.000000	1.000000	0.000000	0.000000	0.000000	0.000000	
0.000000	0.000000	0.000000	0.000000	0.000000	0.000000	0.000000	0.000000	0.000000	0.000000	0.000000	0.000000	1.000000	0.000000	0.000000	0.000000	0.000000	0.000000	0.000000	0.000000	
0.022222	0.000000	0.088889	0.088889	0.044444	0.044444	0.000000	0.044444	0.044444	0.044444	0.000000	0.044444	0.200000	0.000000	0.044444	0.155556	0.022222	0.111111	0.000000	0.000000	
0.044444	0.000000	0.066667	0.044444	0.022222	0.066667	0.022222	0.000000	0.066667	0.022222	0.000000	0.022222	0.155556	0.088889	0.133333	0.177778	0.000000	0.022222	0.000000	0.044444	
0.045455	0.000000	0.045455	0.068182	0.000000	0.068182	0.000000	0.045455	0.068182	0.068182	0.000000	0.045455	0.159091	0.000000	0.068182	0.227273	0.000000	0.045455	0.000000	0.045455	
0.090909	0.000000	0.000000	0.068182	0.000000	0.068182	0.022727	0.022727	0.068182	0.113636	0.000000	0.045455	0.090909	0.022727	0.159091	0.113636	0.022727	0.068182	0.000000	0.022727	
0.022727	0.000000	0.068182	0.000000	0.022727	0.045455	0.045455	0.022727	0.068182	0.068182	0.000000	0.045455	0.136364	0.045455	0.136364	0.159091	0.045455	0.068182	0.000000	0.000000	

MOTIF xxxxxx_S_PKxxxx    ......SPK....
letter-probability matrix: alength= 20 w= 13 nsites= 13 E= 2.9e-001
0.083333	0.000000	0.083333	0.083333	0.000000	0.166667	0.000000	0.000000	0.000000	0.083333	0.000000	0.000000	0.083333	0.000000	0.166667	0.083333	0.000000	0.166667	0.000000	0.000000	
0.083333	0.000000	0.000000	0.000000	0.000000	0.166667	0.083333	0.000000	0.166667	0.083333	0.000000	0.000000	0.083333	0.000000	0.000000	0.250000	0.000000	0.083333	0.000000	0.000000	
0.083333	0.000000	0.166667	0.000000	0.000000	0.000000	0.000000	0.000000	0.000000	0.083333	0.000000	0.000000	0.083333	0.166667	0.083333	0.250000	0.000000	0.083333	0.000000	0.000000	
0.083333	0.000000	0.083333	0.083333	0.000000	0.083333	0.000000	0.166667	0.000000	0.000000	0.000000	0.166667	0.083333	0.000000	0.083333	0.083333	0.000000	0.000000	0.000000	0.083333	
0.076923	0.000000	0.230769	0.153846	0.000000	0.000000	0.000000	0.076923	0.000000	0.076923	0.076923	0.000000	0.153846	0.076923	0.000000	0.000000	0.076923	0.000000	0.000000	0.000000	
0.076923	0.000000	0.000000	0.076923	0.076923	0.230769	0.000000	0.076923	0.000000	0.153846	0.000000	0.000000	0.076923	0.153846	0.000000	0.076923	0.000000	0.000000	0.000000	0.000000	
0.000000	0.000000	0.000000	0.000000	0.000000	0.000000	0.000000	0.000000	0.000000	0.000000	0.000000	0.000000	0.000000	0.000000	0.000000	1.000000	0.000000	0.000000	0.000000	0.000000	
0.000000	0.000000	0.000000	0.000000	0.000000	0.000000	0.000000	0.000000	0.000000	0.000000	0.000000	0.000000	1.000000	0.000000	0.000000	0.000000	0.000000	0.000000	0.000000	0.000000	
0.000000	0.000000	0.000000	0.000000	0.000000	0.000000	0.000000	0.000000	1.000000	0.000000	0.000000	0.000000	0.000000	0.000000	0.000000	0.000000	0.000000	0.000000	0.000000	0.000000	
0.000000	0.000000	0.076923	0.076923	0.000000	0.000000	0.000000	0.076923	0.000000	0.153846	0.076923	0.000000	0.153846	0.076923	0.076923	0.230769	0.000000	0.000000	0.000000	0.000000	
0.076923	0.000000	0.000000	0.076923	0.000000	0.076923	0.000000	0.076923	0.076923	0.000000	0.000000	0.153846	0.076923	0.076923	0.000000	0.230769	0.000000	0.000000	0.000000	0.076923	
0.000000	0.000000	0.153846	0.000000	0.076923	0.076923	0.000000	0.076923	0.076923	0.000000	0.000000	0.000000	0.076923	0.000000	0.076923	0.230769	0.000000	0.076923	0.000000	0.076923	
0.000000	0.000000	0.307692	0.153846	0.000000	0.076923	0.000000	0.000000	0.076923	0.000000	0.000000	0.076923	0.076923	0.076923	0.000000	0.076923	0.000000	0.076923	0.000000	0.000000	

MOTIF xxxxTx_S_Pxxxxx    ....T.SP.....
letter-probability matrix: alength= 20 w= 13 nsites= 10 E= 7.7e-001
0.100000	0.000000	0.000000	0.000000	0.300000	0.100000	0.000000	0.000000	0.100000	0.200000	0.000000	0.000000	0.000000	0.000000	0.100000	0.100000	0.000000	0.000000	0.000000	0.000000	
0.200000	0.000000	0.000000	0.000000	0.000000	0.100000	0.000000	0.000000	0.100000	0.000000	0.100000	0.000000	0.100000	0.000000	0.100000	0.000000	0.100000	0.100000	0.100000	0.000000	
0.000000	0.000000	0.100000	0.200000	0.100000	0.100000	0.100000	0.000000	0.000000	0.000000	0.000000	0.000000	0.200000	0.000000	0.000000	0.100000	0.100000	0.000000	0.000000	0.000000	
0.000000	0.000000	0.100000	0.000000	0.000000	0.000000	0.000000	0.000000	0.000000	0.100000	0.000000	0.100000	0.300000	0.000000	0.100000	0.000000	0.100000	0.100000	0.000000	0.100000	
0.000000	0.000000	0.000000	0.000000	0.000000	0.000000	0.000000	0.000000	0.000000	0.000000	0.000000	0.000000	0.000000	0.000000	0.000000	0.000000	1.000000	0.000000	0.000000	0.000000	
0.100000	0.000000	0.000000	0.000000	0.000000	0.100000	0.000000	0.000000	0.000000	0.000000	0.000000	0.000000	0.400000	0.200000	0.100000	0.000000	0.000000	0.000000	0.000000	0.100000	
0.000000	0.000000	0.000000	0.000000	0.000000	0.000000	0.000000	0.000000	0.000000	0.000000	0.000000	0.000000	0.000000	0.000000	0.000000	1.000000	0.000000	0.000000	0.000000	0.000000	
0.000000	0.000000	0.000000	0.000000	0.000000	0.000000	0.000000	0.000000	0.000000	0.000000	0.000000	0.000000	1.000000	0.000000	0.000000	0.000000	0.000000	0.000000	0.000000	0.000000	
0.200000	0.000000	0.000000	0.000000	0.000000	0.000000	0.000000	0.100000	0.000000	0.000000	0.000000	0.000000	0.300000	0.100000	0.000000	0.200000	0.100000	0.000000	0.000000	0.000000	
0.100000	0.000000	0.000000	0.000000	0.100000	0.000000	0.000000	0.000000	0.000000	0.100000	0.000000	0.000000	0.200000	0.000000	0.400000	0.100000	0.000000	0.000000	0.000000	0.000000	
0.100000	0.000000	0.100000	0.100000	0.000000	0.000000	0.100000	0.000000	0.000000	0.000000	0.100000	0.100000	0.000000	0.000000	0.300000	0.100000	0.000000	0.000000	0.000000	0.000000	
0.000000	0.000000	0.100000	0.100000	0.000000	0.000000	0.000000	0.000000	0.000000	0.100000	0.000000	0.100000	0.100000	0.100000	0.300000	0.000000	0.100000	0.000000	0.000000	0.000000	
0.100000	0.000000	0.000000	0.000000	0.000000	0.200000	0.000000	0.000000	0.000000	0.000000	0.100000	0.100000	0.100000	0.000000	0.200000	0.000000	0.100000	0.100000	0.000000	0.000000	

MOTIF xxxxxx_S_Pxxxxx    ......SP.....
letter-probability matrix: alength= 20 w= 13 nsites= 121 E= 7.5e-011
0.041667	0.000000	0.066667	0.066667	0.016667	0.058333	0.025000	0.033333	0.058333	0.033333	0.000000	0.041667	0.108333	0.025000	0.141667	0.191667	0.025000	0.050000	0.000000	0.016667	
0.041322	0.000000	0.066116	0.033058	0.000000	0.049587	0.041322	0.024793	0.049587	0.066116	0.024793	0.033058	0.115702	0.049587	0.115702	0.223140	0.016529	0.024793	0.000000	0.024793	
0.049587	0.008264	0.049587	0.033058	0.033058	0.057851	0.008264	0.041322	0.016529	0.074380	0.008264	0.049587	0.041322	0.016529	0.099174	0.330579	0.024793	0.041322	0.000000	0.016529	
0.041322	0.016529	0.066116	0.066116	0.024793	0.066116	0.016529	0.016529	0.033058	0.057851	0.024793	0.033058	0.165289	0.066116	0.099174	0.140496	0.016529	0.024793	0.008264	0.016529	
0.082645	0.000000	0.057851	0.066116	0.033058	0.066116	0.033058	0.057851	0.074380	0.041322	0.024793	0.041322	0.223140	0.016529	0.082645	0.000000	0.000000	0.066116	0.008264	0.024793	
0.082645	0.000000	0.066116	0.090909	0.024793	0.090909	0.049587	0.008264	0.024793	0.074380	0.024793	0.057851	0.033058	0.016529	0.140496	0.123967	0.033058	0.057851	0.000000	0.000000	
0.000000	0.000000	0.000000	0.000000	0.000000	0.000000	0.000000	0.000000	0.000000	0.000000	0.000000	0.000000	0.000000	0.000000	0.000000	1.000000	0.000000	0.000000	0.000000	0.000000	
0.000000	0.000000	0.000000	0.000000	0.000000	0.000000	0.000000	0.000000	0.000000	0.000000	0.000000	0.000000	1.000000	0.000000	0.000000	0.000000	0.000000	0.000000	0.000000	0.000000	
0.067227	0.000000	0.042017	0.075630	0.050420	0.058824	0.000000	0.067227	0.000000	0.008403	0.016807	0.025210	0.109244	0.033613	0.134454	0.184874	0.050420	0.075630	0.000000	0.000000	
0.050420	0.008403	0.042017	0.050420	0.025210	0.042017	0.050420	0.042017	0.092437	0.050420	0.008403	0.042017	0.117647	0.033613	0.067227	0.168067	0.058824	0.042017	0.000000	0.008403	
0.058824	0.000000	0.058824	0.058824	0.008403	0.084034	0.016807	0.025210	0.050420	0.067227	0.016807	0.042017	0.084034	0.033613	0.092437	0.235294	0.033613	0.025210	0.000000	0.008403	
0.092437	0.000000	0.075630	0.084034	0.025210	0.084034	0.008403	0.008403	0.042017	0.067227	0.025210	0.042017	0.151261	0.025210	0.058824	0.092437	0.033613	0.067227	0.008403	0.008403	
0.067797	0.000000	0.042373	0.067797	0.016949	0.118644	0.008475	0.025424	0.050847	0.050847	0.008475	0.042373	0.110169	0.000000	0.076271	0.186441	0.016949	0.067797	0.000000	0.042373	

MOTIF Kxxxxx_S_xxExxx    K.....S..E...
letter-probability matrix: alength= 20 w= 13 nsites= 11 E= 1.5e+000
0.000000	0.000000	0.000000	0.000000	0.000000	0.000000	0.000000	0.000000	1.000000	0.000000	0.000000	0.000000	0.000000	0.000000	0.000000	0.000000	0.000000	0.000000	0.000000	0.000000	
0.090909	0.000000	0.000000	0.181818	0.090909	0.090909	0.000000	0.090909	0.000000	0.181818	0.000000	0.090909	0.000000	0.090909	0.090909	0.000000	0.000000	0.000000	0.000000	0.000000	
0.000000	0.000000	0.090909	0.090909	0.181818	0.000000	0.000000	0.000000	0.181818	0.000000	0.000000	0.000000	0.090909	0.090909	0.000000	0.090909	0.000000	0.181818	0.000000	0.000000	
0.090909	0.000000	0.000000	0.090909	0.000000	0.000000	0.000000	0.000000	0.090909	0.272727	0.000000	0.000000	0.000000	0.090909	0.090909	0.272727	0.000000	0.000000	0.000000	0.000000	
0.000000	0.000000	0.090909	0.090909	0.000000	0.000000	0.000000	0.000000	0.181818	0.181818	0.000000	0.000000	0.000000	0.000000	0.090909	0.272727	0.090909	0.000000	0.000000	0.000000	
0.090909	0.000000	0.272727	0.090909	0.090909	0.090909	0.000000	0.090909	0.000000	0.000000	0.000000	0.000000	0.000000	0.000000	0.090909	0.090909	0.000000	0.090909	0.000000	0.000000	
0.000000	0.000000	0.000000	0.000000	0.000000	0.000000	0.000000	0.000000	0.000000	0.000000	0.000000	0.000000	0.000000	0.000000	0.000000	1.000000	0.000000	0.000000	0.000000	0.000000	
0.000000	0.000000	0.181818	0.272727	0.090909	0.272727	0.090909	0.000000	0.000000	0.090909	0.000000	0.000000	0.000000	0.000000	0.000000	0.000000	0.000000	0.000000	0.000000	0.000000	
0.000000	0.000000	0.363636	0.272727	0.000000	0.000000	0.000000	0.000000	0.090909	0.000000	0.000000	0.000000	0.000000	0.000000	0.000000	0.272727	0.000000	0.000000	0.000000	0.000000	
0.000000	0.000000	0.000000	1.000000	0.000000	0.000000	0.000000	0.000000	0.000000	0.000000	0.000000	0.000000	0.000000	0.000000	0.000000	0.000000	0.000000	0.000000	0.000000	0.000000	
0.000000	0.000000	0.090909	0.272727	0.000000	0.000000	0.000000	0.000000	0.000000	0.000000	0.000000	0.181818	0.000000	0.000000	0.090909	0.181818	0.090909	0.090909	0.000000	0.000000	
0.090909	0.000000	0.000000	0.272727	0.000000	0.000000	0.000000	0.000000	0.000000	0.000000	0.000000	0.000000	0.000000	0.000000	0.000000	0.545455	0.090909	0.000000	0.000000	0.000000	
0.000000	0.000000	0.181818	0.272727	0.000000	0.000000	0.000000	0.000000	0.000000	0.000000	0.090909	0.181818	0.181818	0.000000	0.000000	0.090909	0.000000	0.000000	0.000000	0.000000	

MOTIF xxxDxx_S_xxExxx    ...D..S..E...
letter-probability matrix: alength= 20 w= 13 nsites= 36 E= 2.7e-001
0.055556	0.000000	0.083333	0.138889	0.000000	0.055556	0.083333	0.055556	0.000000	0.083333	0.000000	0.083333	0.000000	0.027778	0.083333	0.111111	0.083333	0.027778	0.027778	0.000000	
0.027778	0.000000	0.166667	0.055556	0.000000	0.083333	0.027778	0.027778	0.000000	0.111111	0.000000	0.027778	0.083333	0.000000	0.055556	0.194444	0.111111	0.000000	0.000000	0.027778	
0.000000	0.000000	0.222222	0.111111	0.083333	0.111111	0.055556	0.027778	0.000000	0.055556	0.000000	0.000000	0.027778	0.000000	0.000000	0.194444	0.027778	0.055556	0.000000	0.027778	
0.000000	0.000000	1.000000	0.000000	0.000000	0.000000	0.000000	0.000000	0.000000	0.000000	0.000000	0.000000	0.000000	0.000000	0.000000	0.000000	0.000000	0.000000	0.000000	0.000000	
0.027778	0.000000	0.194444	0.277778	0.000000	0.111111	0.000000	0.055556	0.000000	0.000000	0.000000	0.027778	0.000000	0.000000	0.055556	0.194444	0.027778	0.000000	0.027778	0.000000	
0.055556	0.000000	0.222222	0.166667	0.055556	0.055556	0.000000	0.000000	0.000000	0.083333	0.027778	0.083333	0.000000	0.000000	0.055556	0.138889	0.055556	0.000000	0.000000	0.000000	
0.000000	0.000000	0.000000	0.000000	0.000000	0.000000	0.000000	0.000000	0.000000	0.000000	0.000000	0.000000	0.000000	0.000000	0.000000	1.000000	0.000000	0.000000	0.000000	0.000000	
0.000000	0.000000	0.361111	0.250000	0.000000	0.111111	0.000000	0.000000	0.000000	0.027778	0.027778	0.000000	0.000000	0.000000	0.000000	0.166667	0.027778	0.027778	0.000000	0.000000	
0.000000	0.000000	0.333333	0.138889	0.000000	0.138889	0.000000	0.000000	0.000000	0.055556	0.000000	0.000000	0.027778	0.055556	0.000000	0.138889	0.111111	0.000000	0.000000	0.000000	
0.000000	0.000000	0.000000	1.000000	0.000000	0.000000	0.000000	0.000000	0.000000	0.000000	0.000000	0.000000	0.000000	0.000000	0.000000	0.000000	0.000000	0.000000	0.000000	0.000000	
0.027778	0.000000	0.166667	0.333333	0.027778	0.055556	0.027778	0.000000	0.027778	0.055556	0.000000	0.027778	0.000000	0.055556	0.027778	0.083333	0.000000	0.055556	0.000000	0.027778	
0.027778	0.000000	0.111111	0.138889	0.000000	0.111111	0.000000	0.000000	0.027778	0.111111	0.083333	0.027778	0.000000	0.055556	0.000000	0.083333	0.083333	0.055556	0.000000	0.083333	
0.055556	0.027778	0.138889	0.138889	0.055556	0.083333	0.000000	0.027778	0.055556	0.166667	0.027778	0.027778	0.000000	0.027778	0.000000	0.027778	0.055556	0.055556	0.000000	0.027778	

MOTIF xxxxxx_S_xDxxxx    ......S.D....
letter-probability matrix: alength= 20 w= 13 nsites= 104 E= 3.1e-001
0.019231	0.000000	0.115385	0.105769	0.019231	0.076923	0.009615	0.009615	0.048077	0.048077	0.009615	0.057692	0.067308	0.019231	0.096154	0.144231	0.057692	0.038462	0.019231	0.038462	
0.009615	0.009615	0.115385	0.105769	0.009615	0.057692	0.038462	0.048077	0.048077	0.057692	0.019231	0.057692	0.048077	0.028846	0.076923	0.115385	0.019231	0.076923	0.009615	0.048077	
0.038462	0.028846	0.105769	0.163462	0.028846	0.067308	0.048077	0.019231	0.076923	0.019231	0.000000	0.019231	0.019231	0.009615	0.096154	0.076923	0.057692	0.076923	0.000000	0.048077	
0.076923	0.009615	0.048077	0.105769	0.038462	0.086538	0.038462	0.019231	0.076923	0.057692	0.000000	0.028846	0.019231	0.048077	0.057692	0.192308	0.057692	0.028846	0.000000	0.009615	
0.028846	0.000000	0.134615	0.067308	0.057692	0.057692	0.038462	0.038462	0.019231	0.076923	0.038462	0.028846	0.028846	0.028846	0.057692	0.096154	0.076923	0.076923	0.009615	0.038462	
0.048077	0.000000	0.144231	0.125000	0.009615	0.096154	0.038462	0.028846	0.009615	0.057692	0.009615	0.019231	0.019231	0.009615	0.038462	0.163462	0.086538	0.086538	0.000000	0.009615	
0.000000	0.000000	0.000000	0.000000	0.000000	0.000000	0.000000	0.000000	0.000000	0.000000	0.000000	0.000000	0.000000	0.000000	0.000000	1.000000	0.000000	0.000000	0.000000	0.000000	
0.028846	0.019231	0.259615	0.211538	0.000000	0.067308	0.000000	0.019231	0.000000	0.038462	0.019231	0.038462	0.000000	0.048077	0.000000	0.153846	0.057692	0.019231	0.019231	0.000000	
0.000000	0.000000	1.000000	0.000000	0.000000	0.000000	0.000000	0.000000	0.000000	0.000000	0.000000	0.000000	0.000000	0.000000	0.000000	0.000000	0.000000	0.000000	0.000000	0.000000	
0.038462	0.000000	0.240385	0.201923	0.038462	0.086538	0.019231	0.009615	0.019231	0.009615	0.019231	0.048077	0.000000	0.038462	0.028846	0.125000	0.028846	0.048077	0.000000	0.000000	
0.038462	0.000000	0.134615	0.182692	0.019231	0.105769	0.028846	0.019231	0.038462	0.076923	0.019231	0.019231	0.019231	0.048077	0.019231	0.125000	0.057692	0.038462	0.000000	0.009615	
0.038835	0.009709	0.145631	0.184466	0.009709	0.038835	0.019417	0.029126	0.048544	0.048544	0.019417	0.029126	0.058252	0.019417	0.029126	0.155340	0.058252	0.058252	0.000000	0.000000	
0.048544	0.000000	0.135922	0.135922	0.029126	0.067961	0.019417	0.038835	0.048544	0.038835	0.019417	0.009709	0.067961	0.019417	0.019417	0.126214	0.077670	0.067961	0.000000	0.029126	

MOTIF xxxxxx_S_xSPxxx    ......S.SP...
letter-probability matrix: alength= 20 w= 13 nsites= 27 E= 2.3e-003
0.037037	0.000000	0.000000	0.111111	0.000000	0.037037	0.037037	0.000000	0.074074	0.037037	0.000000	0.074074	0.074074	0.037037	0.185185	0.185185	0.000000	0.037037	0.000000	0.074074	
0.037037	0.000000	0.074074	0.037037	0.037037	0.111111	0.037037	0.000000	0.074074	0.037037	0.000000	0.037037	0.000000	0.000000	0.259259	0.148148	0.111111	0.000000	0.000000	0.000000	
0.000000	0.000000	0.037037	0.074074	0.000000	0.111111	0.000000	0.037037	0.111111	0.000000	0.037037	0.148148	0.000000	0.000000	0.222222	0.185185	0.000000	0.000000	0.000000	0.037037	
0.037037	0.000000	0.000000	0.000000	0.037037	0.148148	0.074074	0.037037	0.037037	0.074074	0.000000	0.074074	0.074074	0.000000	0.259259	0.000000	0.111111	0.037037	0.000000	0.000000	
0.074074	0.000000	0.074074	0.074074	0.000000	0.074074	0.000000	0.037037	0.000000	0.037037	0.000000	0.000000	0.000000	0.000000	0.111111	0.481481	0.037037	0.000000	0.000000	0.000000	
0.000000	0.000000	0.037037	0.037037	0.000000	0.074074	0.000000	0.074074	0.000000	0.074074	0.037037	0.037037	0.074074	0.037037	0.222222	0.111111	0.074074	0.037037	0.000000	0.074074	
0.000000	0.000000	0.000000	0.000000	0.000000	0.000000	0.000000	0.000000	0.000000	0.000000	0.000000	0.000000	0.000000	0.000000	0.000000	1.000000	0.000000	0.000000	0.000000	0.000000	
0.037037	0.000000	0.037037	0.000000	0.111111	0.074074	0.037037	0.074074	0.000000	0.148148	0.000000	0.037037	0.000000	0.111111	0.185185	0.148148	0.000000	0.000000	0.000000	0.000000	
0.000000	0.000000	0.000000	0.000000	0.000000	0.000000	0.000000	0.000000	0.000000	0.000000	0.000000	0.000000	0.000000	0.000000	0.000000	1.000000	0.000000	0.000000	0.000000	0.000000	
0.000000	0.000000	0.000000	0.000000	0.000000	0.000000	0.000000	0.000000	0.000000	0.000000	0.000000	0.000000	1.000000	0.000000	0.000000	0.000000	0.000000	0.000000	0.000000	0.000000	
0.037037	0.000000	0.111111	0.148148	0.000000	0.000000	0.000000	0.074074	0.037037	0.037037	0.000000	0.000000	0.148148	0.000000	0.000000	0.222222	0.000000	0.185185	0.000000	0.000000	
0.037037	0.000000	0.111111	0.074074	0.000000	0.074074	0.037037	0.000000	0.074074	0.000000	0.000000	0.037037	0.074074	0.074074	0.111111	0.148148	0.000000	0.074074	0.000000	0.074074	
0.037037	0.000000	0.037037	0.037037	0.000000	0.000000	0.000000	0.037037	0.037037	0.111111	0.000000	0.037037	0.185185	0.000000	0.074074	0.296296	0.037037	0.037037	0.000000	0.037037	

MOTIF xxxKxx_S_xxxxxx    ...K..S......
letter-probability matrix: alength= 20 w= 13 nsites= 30 E= 5.0e-001
0.000000	0.000000	0.133333	0.166667	0.000000	0.033333	0.000000	0.033333	0.100000	0.033333	0.000000	0.033333	0.100000	0.000000	0.100000	0.233333	0.000000	0.033333	0.000000	0.000000	
0.066667	0.000000	0.033333	0.066667	0.000000	0.133333	0.000000	0.000000	0.166667	0.133333	0.000000	0.033333	0.066667	0.000000	0.033333	0.166667	0.033333	0.066667	0.000000	0.000000	
0.066667	0.000000	0.000000	0.166667	0.000000	0.033333	0.000000	0.066667	0.100000	0.066667	0.000000	0.033333	0.033333	0.100000	0.033333	0.133333	0.000000	0.166667	0.000000	0.000000	
0.000000	0.000000	0.000000	0.000000	0.000000	0.000000	0.000000	0.000000	1.000000	0.000000	0.000000	0.000000	0.000000	0.000000	0.000000	0.000000	0.000000	0.000000	0.000000	0.000000	
0.100000	0.000000	0.066667	0.000000	0.033333	0.100000	0.000000	0.000000	0.066667	0.033333	0.033333	0.000000	0.033333	0.000000	0.033333	0.366667	0.100000	0.033333	0.000000	0.000000	
0.033333	0.000000	0.066667	0.133333	0.066667	0.100000	0.033333	0.000000	0.066667	0.100000	0.000000	0.100000	0.033333	0.033333	0.100000	0.033333	0.033333	0.033333	0.000000	0.033333	
0.000000	0.000000	0.000000	0.000000	0.000000	0.000000	0.000000	0.000000	0.000000	0.000000	0.000000	0.000000	0.000000	0.000000	0.000000	1.000000	0.000000	0.000000	0.000000	0.000000	
0.100000	0.000000	0.300000	0.133333	0.000000	0.066667	0.000000	0.033333	0.066667	0.033333	0.000000	0.033333	0.000000	0.033333	0.000000	0.066667	0.033333	0.100000	0.000000	0.000000	
0.033333	0.000000	0.000000	0.200000	0.000000	0.033333	0.033333	0.066667	0.000000	0.033333	0.000000	0.033333	0.166667	0.000000	0.000000	0.266667	0.066667	0.033333	0.000000	0.033333	
0.033333	0.000000	0.033333	0.133333	0.066667	0.100000	0.000000	0.033333	0.066667	0.033333	0.033333	0.066667	0.033333	0.066667	0.000000	0.233333	0.033333	0.033333	0.000000	0.000000	
0.066667	0.000000	0.066667	0.100000	0.033333	0.066667	0.000000	0.000000	0.033333	0.100000	0.033333	0.000000	0.066667	0.033333	0.000000	0.266667	0.100000	0.033333	0.000000	0.000000	
0.033333	0.000000	0.100000	0.200000	0.033333	0.133333	0.033333	0.000000	0.066667	0.066667	0.000000	0.033333	0.066667	0.000000	0.000000	0.133333	0.033333	0.066667	0.000000	0.000000	
0.000000	0.000000	0.166667	0.166667	0.000000	0.066667	0.033333	0.066667	0.100000	0.066667	0.000000	0.000000	0.033333	0.000000	0.000000	0.166667	0.066667	0.033333	0.033333	0.000000	

MOTIF xxxxxx_S_GSxxxx    ......SGS....
letter-probability matrix: alength= 20 w= 13 nsites= 14 E= 4.3e-001
0.142857	0.000000	0.000000	0.214286	0.000000	0.071429	0.000000	0.000000	0.071429	0.000000	0.000000	0.000000	0.071429	0.000000	0.214286	0.214286	0.000000	0.000000	0.000000	0.000000	
0.000000	0.000000	0.000000	0.071429	0.071429	0.071429	0.000000	0.000000	0.142857	0.071429	0.000000	0.000000	0.214286	0.071429	0.000000	0.214286	0.000000	0.071429	0.000000	0.000000	
0.000000	0.000000	0.142857	0.214286	0.000000	0.000000	0.071429	0.000000	0.000000	0.000000	0.000000	0.000000	0.142857	0.000000	0.142857	0.142857	0.000000	0.000000	0.142857	0.000000	
0.000000	0.000000	0.000000	0.142857	0.000000	0.285714	0.000000	0.071429	0.000000	0.000000	0.000000	0.000000	0.071429	0.000000	0.142857	0.214286	0.000000	0.071429	0.000000	0.000000	
0.071429	0.071429	0.071429	0.071429	0.000000	0.000000	0.000000	0.071429	0.000000	0.000000	0.000000	0.071429	0.071429	0.000000	0.214286	0.142857	0.071429	0.071429	0.000000	0.000000	
0.071429	0.000000	0.142857	0.071429	0.000000	0.142857	0.000000	0.071429	0.142857	0.000000	0.000000	0.071429	0.071429	0.000000	0.142857	0.000000	0.000000	0.071429	0.000000	0.000000	
0.000000	0.000000	0.000000	0.000000	0.000000	0.000000	0.000000	0.000000	0.000000	0.000000	0.000000	0.000000	0.000000	0.000000	0.000000	1.000000	0.000000	0.000000	0.000000	0.000000	
0.000000	0.000000	0.000000	0.000000	0.000000	1.000000	0.000000	0.000000	0.000000	0.000000	0.000000	0.000000	0.000000	0.000000	0.000000	0.000000	0.000000	0.000000	0.000000	0.000000	
0.000000	0.000000	0.000000	0.000000	0.000000	0.000000	0.000000	0.000000	0.000000	0.000000	0.000000	0.000000	0.000000	0.000000	0.000000	1.000000	0.000000	0.000000	0.000000	0.000000	
0.000000	0.000000	0.000000	0.214286	0.000000	0.000000	0.000000	0.000000	0.000000	0.000000	0.000000	0.071429	0.000000	0.142857	0.142857	0.214286	0.071429	0.000000	0.142857	0.000000	
0.000000	0.000000	0.142857	0.142857	0.000000	0.000000	0.000000	0.000000	0.000000	0.071429	0.071429	0.071429	0.071429	0.000000	0.071429	0.357143	0.000000	0.000000	0.000000	0.000000	
0.071429	0.000000	0.000000	0.214286	0.000000	0.214286	0.000000	0.000000	0.000000	0.000000	0.071429	0.000000	0.071429	0.071429	0.071429	0.142857	0.000000	0.071429	0.000000	0.000000	
0.071429	0.000000	0.000000	0.142857	0.000000	0.142857	0.071429	0.000000	0.000000	0.142857	0.000000	0.142857	0.000000	0.000000	0.000000	0.142857	0.000000	0.142857	0.000000	0.000000	

MOTIF xxxxxx_S_Dxxxxx    ......SD.....
letter-probability matrix: alength= 20 w= 13 nsites= 87 E= 3.8e+000
0.034884	0.000000	0.069767	0.127907	0.011628	0.058140	0.000000	0.046512	0.034884	0.046512	0.034884	0.023256	0.058140	0.034884	0.139535	0.151163	0.034884	0.058140	0.000000	0.034884	
0.058140	0.011628	0.034884	0.127907	0.034884	0.081395	0.011628	0.023256	0.081395	0.046512	0.011628	0.081395	0.046512	0.023256	0.046512	0.197674	0.034884	0.023256	0.000000	0.023256	
0.069767	0.000000	0.151163	0.093023	0.023256	0.069767	0.011628	0.069767	0.058140	0.081395	0.023256	0.011628	0.069767	0.023256	0.034884	0.162791	0.011628	0.023256	0.000000	0.011628	
0.057471	0.000000	0.126437	0.137931	0.022989	0.149425	0.011494	0.011494	0.000000	0.034483	0.034483	0.045977	0.000000	0.034483	0.045977	0.149425	0.034483	0.057471	0.000000	0.045977	
0.034483	0.000000	0.091954	0.195402	0.022989	0.034483	0.022989	0.011494	0.057471	0.034483	0.000000	0.068966	0.068966	0.022989	0.011494	0.241379	0.022989	0.045977	0.000000	0.011494	
0.022989	0.000000	0.310345	0.160920	0.011494	0.057471	0.011494	0.011494	0.011494	0.091954	0.000000	0.045977	0.034483	0.011494	0.034483	0.080460	0.022989	0.080460	0.000000	0.000000	
0.000000	0.000000	0.000000	0.000000	0.000000	0.000000	0.000000	0.000000	0.000000	0.000000	0.000000	0.000000	0.000000	0.000000	0.000000	1.000000	0.000000	0.000000	0.000000	0.000000	
0.000000	0.000000	1.000000	0.000000	0.000000	0.000000	0.000000	0.000000	0.000000	0.000000	0.000000	0.000000	0.000000	0.000000	0.000000	0.000000	0.000000	0.000000	0.000000	0.000000	
0.082353	0.000000	0.000000	0.200000	0.023529	0.105882	0.047059	0.035294	0.035294	0.011765	0.000000	0.047059	0.011765	0.000000	0.011765	0.270588	0.023529	0.070588	0.000000	0.023529	
0.071429	0.000000	0.333333	0.226190	0.000000	0.071429	0.000000	0.011905	0.000000	0.011905	0.000000	0.047619	0.023810	0.011905	0.023810	0.130952	0.011905	0.011905	0.000000	0.011905	
0.071429	0.000000	0.154762	0.154762	0.011905	0.071429	0.035714	0.023810	0.000000	0.023810	0.000000	0.047619	0.011905	0.047619	0.011905	0.178571	0.095238	0.047619	0.000000	0.011905	
0.035714	0.000000	0.190476	0.130952	0.023810	0.071429	0.035714	0.011905	0.035714	0.071429	0.011905	0.023810	0.095238	0.023810	0.000000	0.154762	0.035714	0.011905	0.000000	0.035714	
0.047619	0.011905	0.095238	0.178571	0.023810	0.083333	0.011905	0.011905	0.071429	0.023810	0.000000	0.035714	0.023810	0.047619	0.011905	0.130952	0.059524	0.071429	0.000000	0.059524	

MOTIF xxxxRx_Y_xxxxxx    ....R.Y......
letter-probability matrix: alength= 20 w= 13 nsites= 11 E= 1.2e-003
0.100000	0.000000	0.200000	0.000000	0.000000	0.300000	0.100000	0.000000	0.000000	0.100000	0.000000	0.000000	0.000000	0.000000	0.000000	0.100000	0.000000	0.100000	0.000000	0.000000	
0.000000	0.000000	0.000000	0.090909	0.090909	0.090909	0.000000	0.000000	0.090909	0.000000	0.090909	0.181818	0.090909	0.000000	0.090909	0.090909	0.000000	0.000000	0.000000	0.090909	
0.272727	0.000000	0.000000	0.000000	0.000000	0.090909	0.090909	0.000000	0.000000	0.090909	0.000000	0.000000	0.000000	0.090909	0.181818	0.000000	0.090909	0.000000	0.000000	0.090909	
0.090909	0.000000	0.090909	0.090909	0.000000	0.272727	0.000000	0.000000	0.090909	0.000000	0.000000	0.000000	0.000000	0.000000	0.090909	0.272727	0.000000	0.000000	0.000000	0.000000	
0.000000	0.000000	0.000000	0.000000	0.000000	0.000000	0.000000	0.000000	0.000000	0.000000	0.000000	0.000000	0.000000	0.000000	1.000000	0.000000	0.000000	0.000000	0.000000	0.000000	
0.000000	0.000000	0.090909	0.090909	0.000000	0.090909	0.000000	0.000000	0.090909	0.000000	0.000000	0.090909	0.000000	0.000000	0.090909	0.272727	0.000000	0.181818	0.000000	0.000000	
0.000000	0.000000	0.000000	0.000000	0.000000	0.000000	0.000000	0.000000	0.000000	0.000000	0.000000	0.000000	0.000000	0.000000	0.000000	0.000000	0.000000	0.000000	0.000000	1.000000	
0.000000	0.000000	0.090909	0.090909	0.000000	0.090909	0.000000	0.000000	0.000000	0.090909	0.000000	0.090909	0.090909	0.090909	0.000000	0.272727	0.000000	0.090909	0.000000	0.000000	
0.090909	0.000000	0.090909	0.000000	0.000000	0.181818	0.000000	0.000000	0.000000	0.090909	0.000000	0.090909	0.000000	0.000000	0.272727	0.090909	0.000000	0.090909	0.000000	0.000000	
0.090909	0.000000	0.181818	0.000000	0.000000	0.090909	0.000000	0.000000	0.000000	0.000000	0.000000	0.000000	0.090909	0.000000	0.090909	0.363636	0.000000	0.090909	0.000000	0.000000	
0.000000	0.000000	0.181818	0.181818	0.000000	0.090909	0.000000	0.000000	0.000000	0.000000	0.000000	0.000000	0.272727	0.000000	0.000000	0.272727	0.000000	0.000000	0.000000	0.000000	
0.000000	0.000000	0.090909	0.272727	0.000000	0.090909	0.000000	0.000000	0.000000	0.000000	0.000000	0.000000	0.272727	0.000000	0.000000	0.272727	0.000000	0.000000	0.000000	0.000000	
0.000000	0.000000	0.090909	0.181818	0.000000	0.000000	0.000000	0.000000	0.000000	0.000000	0.000000	0.000000	0.454545	0.000000	0.000000	0.181818	0.000000	0.000000	0.000000	0.090909	

MOTIF xxxxxx_T_Pxxxxx    ......TP.....
letter-probability matrix: alength= 20 w= 13 nsites= 29 E= 2.2e-001
0.000000	0.000000	0.068966	0.068966	0.034483	0.172414	0.068966	0.000000	0.034483	0.034483	0.034483	0.000000	0.034483	0.000000	0.137931	0.206897	0.068966	0.034483	0.000000	0.000000	
0.034483	0.034483	0.034483	0.068966	0.103448	0.000000	0.034483	0.034483	0.034483	0.137931	0.034483	0.000000	0.103448	0.068966	0.103448	0.103448	0.034483	0.034483	0.000000	0.000000	
0.034483	0.000000	0.000000	0.000000	0.172414	0.068966	0.000000	0.000000	0.068966	0.034483	0.000000	0.034483	0.000000	0.000000	0.068966	0.448276	0.068966	0.000000	0.000000	0.000000	
0.103448	0.000000	0.034483	0.000000	0.034483	0.034483	0.000000	0.000000	0.000000	0.000000	0.034483	0.068966	0.206897	0.034483	0.103448	0.172414	0.068966	0.068966	0.034483	0.000000	
0.103448	0.000000	0.000000	0.034483	0.034483	0.068966	0.000000	0.068966	0.000000	0.068966	0.000000	0.000000	0.241379	0.068966	0.137931	0.103448	0.000000	0.068966	0.000000	0.000000	
0.000000	0.000000	0.034483	0.034483	0.000000	0.034483	0.000000	0.103448	0.000000	0.034483	0.000000	0.206897	0.068966	0.172414	0.034483	0.137931	0.034483	0.034483	0.034483	0.034483	
0.000000	0.000000	0.000000	0.000000	0.000000	0.000000	0.000000	0.000000	0.000000	0.000000	0.000000	0.000000	0.000000	0.000000	0.000000	0.000000	1.000000	0.000000	0.000000	0.000000	
0.000000	0.000000	0.000000	0.000000	0.000000	0.000000	0.000000	0.000000	0.000000	0.000000	0.000000	0.000000	1.000000	0.000000	0.000000	0.000000	0.000000	0.000000	0.000000	0.000000	
0.103448	0.000000	0.000000	0.034483	0.000000	0.034483	0.000000	0.034483	0.068966	0.137931	0.000000	0.000000	0.137931	0.000000	0.137931	0.241379	0.068966	0.000000	0.000000	0.000000	
0.000000	0.000000	0.068966	0.034483	0.000000	0.103448	0.000000	0.034483	0.034483	0.034483	0.000000	0.034483	0.172414	0.068966	0.103448	0.172414	0.068966	0.068966	0.000000	0.000000	
0.137931	0.000000	0.000000	0.000000	0.034483	0.034483	0.000000	0.000000	0.000000	0.103448	0.000000	0.000000	0.103448	0.034483	0.103448	0.344828	0.034483	0.000000	0.000000	0.068966	
0.103448	0.000000	0.068966	0.034483	0.068966	0.000000	0.068966	0.034483	0.068966	0.000000	0.000000	0.137931	0.103448	0.034483	0.172414	0.068966	0.034483	0.000000	0.000000	0.000000	
0.034483	0.000000	0.068966	0.034483	0.034483	0.068966	0.034483	0.068966	0.068966	0.000000	0.000000	0.000000	0.137931	0.034483	0.137931	0.172414	0.068966	0.034483	0.000000	0.000000	

MOTIF xxxxxx_T_xxDxxx    ......T..D...
letter-probability matrix: alength= 20 w= 13 nsites= 19 E= 2.1e-001
0.000000	0.000000	0.052632	0.052632	0.000000	0.000000	0.000000	0.157895	0.052632	0.000000	0.000000	0.105263	0.157895	0.000000	0.052632	0.263158	0.052632	0.052632	0.000000	0.000000	
0.000000	0.000000	0.105263	0.157895	0.000000	0.052632	0.000000	0.052632	0.105263	0.105263	0.000000	0.000000	0.000000	0.000000	0.105263	0.157895	0.052632	0.052632	0.052632	0.000000	
0.105263	0.000000	0.210526	0.052632	0.000000	0.052632	0.052632	0.000000	0.157895	0.000000	0.000000	0.000000	0.052632	0.052632	0.105263	0.105263	0.052632	0.000000	0.000000	0.000000	
0.210526	0.000000	0.157895	0.157895	0.000000	0.105263	0.052632	0.000000	0.000000	0.000000	0.000000	0.052632	0.000000	0.052632	0.052632	0.105263	0.052632	0.000000	0.000000	0.000000	
0.105263	0.000000	0.105263	0.105263	0.052632	0.052632	0.000000	0.105263	0.105263	0.052632	0.000000	0.052632	0.000000	0.000000	0.000000	0.105263	0.052632	0.105263	0.000000	0.000000	
0.052632	0.000000	0.052632	0.157895	0.052632	0.052632	0.000000	0.000000	0.000000	0.263158	0.052632	0.000000	0.000000	0.000000	0.000000	0.105263	0.052632	0.105263	0.000000	0.052632	
0.000000	0.000000	0.000000	0.000000	0.000000	0.000000	0.000000	0.000000	0.000000	0.000000	0.000000	0.000000	0.000000	0.000000	0.000000	0.000000	1.000000	0.000000	0.000000	0.000000	
0.052632	0.000000	0.210526	0.105263	0.000000	0.000000	0.000000	0.000000	0.000000	0.000000	0.000000	0.052632	0.000000	0.000000	0.000000	0.473684	0.052632	0.052632	0.000000	0.000000	
0.000000	0.000000	0.263158	0.210526	0.000000	0.105263	0.000000	0.052632	0.000000	0.000000	0.000000	0.105263	0.052632	0.000000	0.000000	0.210526	0.000000	0.000000	0.000000	0.000000	
0.000000	0.000000	1.000000	0.000000	0.000000	0.000000	0.000000	0.000000	0.000000	0.000000	0.000000	0.000000	0.000000	0.000000	0.000000	0.000000	0.000000	0.000000	0.000000	0.000000	
0.052632	0.000000	0.368421	0.315789	0.000000	0.000000	0.000000	0.000000	0.000000	0.000000	0.000000	0.000000	0.000000	0.000000	0.052632	0.105263	0.105263	0.000000	0.000000	0.000000	
0.000000	0.000000	0.368421	0.210526	0.000000	0.000000	0.000000	0.000000	0.000000	0.052632	0.052632	0.157895	0.000000	0.000000	0.000000	0.105263	0.000000	0.000000	0.000000	0.052632	
0.052632	0.000000	0.157895	0.210526	0.000000	0.105263	0.052632	0.052632	0.000000	0.000000	0.000000	0.105263	0.000000	0.000000	0.000000	0.105263	0.052632	0.105263	0.000000	0.000000	

